246
246
246
P4y
P4y
P4y
P4y
248
PLARS)
PLARS)
pL4NS
249
p4Ns
249
249
250
250
250
250
250
251
251
251
251
252
252
PV
254
Pt
Pt
255
255
255
257
257
258
258
258
258
259
260
260
261
261
261
262
262
262
262
263
263
263
264
264
264
265
265
265
265
265
266
266
266
266
P4 =V4
P4 =V4
P4 =VA
268
269
269
269
269
270
270
270
271
271
Al
271
271
Al
Al
Py
272
oy
=
Py
=
Py
Py
Py
Py
274
274
274
275
275
275
275
275
275
275
276
277
277
i
i
Y
i
i
i
¥4
278
278
4s
279
279
279
279
279
279
279
279
279
279
279
279
279
280
280
280
280
280
280
280
281
281
281
281
=l
282
282
282
283
283
283
283
283
283
283
284
284
284
285
285
285
285
285
285
285
286
286
286
286
287
287
287
287
287
287
287
287
288
288
288
289
289
289
290
290
290
290
291
291
291
293
293
293
294
294
294
294
294
294
294
294
294
294
294
294
