190
193
193
196
196
196
200
200
200
205
205
207
207
207
209
209
209
209
210
211
211
211
213
213
214
214
214
214
217
219
219
220
220
220
P
P
P
224
224
)
225
225
225
4
4
4
229
230
230
230
230
P Y2
P Y2
PV
234
234
234
235
235
et
235
237
237
237
239
239
A=
A=
241
241
pL4n
A XS
244
244
244
244
PLANS
245
246
246
246
246
247
247
P4y
P4y
PLARS)
PLARS)
248
249
249
249
249
249
250
250
250
250
250
251
251
251
251
252
252
PV
254
Pt
Pt
255
255
255
257
257
258
258
258
258
259
260
260
261
261
261
262
262
262
262
263
263
263
264
264
264
265
265
265
265
265
266
266
266
266
P4 =V4
267
267
268
269
269
269
269
270
270
270
271
271
Al
271
Al
Al
Al
Py
oy
272
Py
Py
Py
Py
Py
Py
Py
274
274
274
275
275
275
275
275
275
275
276
277
277
i
i
Y4
i
i
i
¥4
278
4s
4s
279
279
279
279
279
279
279
279
279
279
279
279
279
280
280
280
280
280
280
280
281
281
281
281
281
282
282
282
283
283
283
283
283
283
283
284
284
284
285
285
285
285
285
285
285
286
286
286
286
287
287
287
287
287
287
287
287
288
288
288
289
289
289
290
290
290
290
291
291
291
= Kt
293
293
294
294
294
294
294
294
294
294
294
294
294
294
294
294
294
294
294
294
294
295
295
295
295
295
295
295
296
297
297
297
297
297
299
299
299
299
300
E{e]e
E{e]e
E{e]e
E{e]e
E{e]e
301
301
301
301
301
302
(0P
302
302
302
302
(0P
(0P
303
303
303
303
303
303
303
304
304
304
305
305
306
306
306
306
306
306
306
307
307
307
307
307
307
307
307
307
307
306
306
306
306
306
306
306
306
306
306
306
306
306
306
306
306
306
306
307
307
307
307
307
308
308
308
308
308
308
308
{0l
310
310
310
310
310
310
310
310
310
310
310
310
310
310
310
310
310
310
310
310
310
310
310
310
310
310
310
310
310
Il
Al
A
AN
AN
AN
AN
AN
312
312
312
313
313
313
313
= S
Y S
Y IS
313
313
313
313
313
314
314
314
314
314
314
314
314
314
314
314
314
314
314
314
314
314
314
314
315
RS
315
315
315
315
315
315
316
316
316
316
316
316
316
316
316
316
316
316
316
316
316
316
316
=AW,
317
317
317
RS
RS
318
318
318
RS
318
318
318
RS
318
318
RS
RS
RS
RS
319
319
319
319
319
RS
319
319
319
318
318
318
318
318
318
318
318
EaRS
EaRS
ks
318
318
318
318
RS
RS
RS
RS
RS
RS
RS
320
320
320
321
321
321
321
321
321
321
321
321
321
321
321
321
321
321
321
321
321
321
321
=y
321
321
321
Y
Y
Y
Y
Y
Y
Y
Y
Y
322
Y
322
322
322
322
322
322
322
Y
Y
Y
Y
Y
)
R
Ry
)
Ry
R
)
R
Ry
Ry
R
s
R
Ry
Ry
324
324
324
324
324
324
324
324
324
324
325
325
325
325
325
325
325
325
325
325
325
325
325
325
325
325
325
325
324
324
324
324
324
324
324
Ry
Ry
Ry
Ry
Ry
S
)
Y
oy
Ry
Y
)
)
Ry
Ry
)
Ry
Ry
Ry
Ry
oy
Ry
Ry
Ry
Y
LY
LY
LY
Y
Y
322
Y
321
321
=yl
320
320
320
320
320
Y40
Y40
Y48
320
320
320
320
e
320
319
RS
319
319
RS
EALs)
EALs)
RS
319
RS
RS
312
312
312
293
293
= Kt
293
274
264
264
264
264
PLARS
PLARS)
244
244
244
v
Pyt
Pyt
Pyt
Pyt
)
225
)
alS
216
211
211
211
p40]e
p40]e
p40]e
190
190
190
190
RS
RS
RS
178
178
iV4s
173
S
S
S
IS
167
167
1=y
1=y
164
1=y
162
1=y
1N =P
1N =P
159
=y
156
156
156
156
LK
152
152
152
149
149
147
147
i RAT S
146
146
145
145
145
143
143
143
143
143
141
141
141
141
140
140
140
139
139
139
1S
138
ts
138
138
139
139
139
139
139
140
140
140
140
141
i 4z
i 4z
i 4 vz
i 4z
144
144
144
145
145
146
146
146
IR4RS)
148
148
152
152
154
j=Y4]
154
158
158
158
158
161
161
161
162
162
I SXS
IS
IS
164
164
165
166
166
166
166
170
i/
170
174
174
176
176
176
ikc{e
ikc{e
180
RS
RS
RS
RS
187
187
187
190
190
192
RS P
192
196
196
196
197
IS4
197
197
RS]S]
IRS]S
198
p40]0)
p40]0)
200
201
201
P8k
{8k
203
203
207
209
209
211
213
213
213
213
215
215
215
S
S
S
216
217
217
217
218
paRs
218
RS
RS
RS
RS
el
P
o
P
P
P
P
P
225
4
i
pd s
pd s
228
230
230
231
231
231
P Y
P Y
P Y
232
Y
P Y
X
P
233
P
234
234
235
235
235
238
238
238
pat=
240
240
240
243
LA
243
244
244
244
244
244
244
244
245
245
245
246
pLANS
247
LAy
LAy
249
pL4RS
250
250
251
251
251
A=
253
254
254
254
254
254
254
254
254
254
254
254
)
255
=)
=)
256
256
256
257
257
257
P
P
259
259
g
261
261
261
261
262
262
263
264
264
264
264
264
265
265
265
266
266
266
266
266
267
267
267
P4 =Y4
267
267
267
267
267
267
267
267
P4 =Y4
267
267
268
268
268
P =t=)
P =t=)
269
269
269
269
270
270
270
Al
yal
Al
yal
271
272
272
272
272
272
Py
L
Py
Py
Py
Py
Py
Py
Py
Py
274
274
274
274
274
274
274
274
274
274
274
274
274
274
274
275
275
275
275
275
276
276
276
276
276
277
-y
Y
i
i
Y
Y
i
YV
Py
i
i
i
i
i
i
i
s
278
4=
278
278
278
279
279
279
279
279
279
279
279
279
280
280
280
280
280
280
280
280
280
280
281
281
=il
281
281
281
281
281
281
=il
281
282
282
282
282
282
282
282
282
282
282
282
282
282
282
282
282
282
282
282
282
282
282
282
282
282
283
4=k
283
283
283
284
284
284
284
284
284
284
285
285
285
285
285
285
285
285
285
285
285
285
285
285
285
285
pg ol
285
285
285
285
285
285
285
285
285
285
285
285
285
285
285
286
286
286
286
286
286
286
286
286
286
286
286
286
286
286
286
286
286
286
286
286
286
286
286
286
286
286
286
287
287
287
287
287
287
287
287
287
287
287
287

288
288


288
288

288
288
288
289
289
289
289
289
289
289
289
289
289
289
289

290
290
290
290
290
290
290
290
290
290
290
290
290
290
289
289
289
289
289
289
289
289
289
289
289
289
289
289
289
289
289
289
289
289
289
289
289
290
290
290
290
290
pa=10)
290
290
290
290
289
289
289
289
288
288

286
286
286
286
286
275
275
pd =1 =)
pd =1 =)
pd =1 =)
251
251
251
236
P S}
228
228
228
226
226
224
224
224
224
izl
221
221
221
219
219
219
AR
219
219
RS
219
AR
219
219
219
215
215
215
206
206
206
206
196
196
191
191
191
184
184
184
RS
RS
RS
182
182
181
181
181
180
iks{e)
180
180
178
178
A4S
Vs
IV,
iV,
Vs
175
175
1=
s
iy
iy
172
iy
171
171
171
171
171
iy
172
172
174
174
174
175
175
175
175
178
178
179
179
179
RSP
182
RSP
RSiS
RSl
RSl
186
186
IRSY,
RSV,
RS V4
187
189
190
190
190
190
190
IR=hl
IR=hl
1=kl
IS
192
RS
RS
193
193
193
RS 15
1S
1S
199
199
199
199
203
205
205
205
205
208
208
208
209
209
209
209
209
pale)
210
210
211
211
211
pani
214
214
214
216
216
218
219
219
219
219
221
221
221
221
221
221
221
221
221
221
221
222
222
P
P
P
226
P S
4
P
229
230
230
230
230
P Ve
PV
P Ve
P
P
234
234
234
235
235
235
v
2357
v
2357
2357
239
239
=
s
240
240
240
242
242
242
243
243
243
P4 S
245
245
246
246
LA S
P4y
248
248
pLARS)
pLARS)
PLARS)
249
249
249
249
250
251
251
252
252
252
254
254
Pt
Pt
Pt
255
256
257
257
257
257
257
258
258
258
P
P
P
P
260
260
260
261
261
261
261
261
262
262
262
262
262
263
263
263
264
264
265
265
265
266
266
267
267
267
267
267
267
267
267
267
267
267
267
267
267
268
269
269
269
270
270
Al
271
272
272
272
273
=
=
=
L
)
)
)
L
A
274
274
274
274
274
274
274
274
274
274
274
274
274
274
274
274
274
274
275
=
275
4=
275
276
276
276
276
276
276
276
271
271
271
258
258
258
258
244
237
237
229
229
229
221
221
221
221
215
215
=
208
208
208
208
202
198
RS]S
198
191
191
=)
IS
IRSis
IRSiS
IRSis
178
178
176
176
176
172
iy
iy
167
167
165
165
165
165
1=y
161
161
161
160
160
160
160
=y
=y
=y
=y
159
155
155
155
152
152
iyl
iyl
iyl
147
147
147
147
146
146
146
146
146
146
146
146
RN
RN
146
146
146
147
147
147
149
149
149
IR=]0
IR=]0)
iIR=]e
IR=]e
RSN
RSN
RSN
iRy
iRy
RSy
IS
RSk
154
154
154
154
154
156
156
156
158
158
158
158
160
161
161
ISyl
161
165
165
165
168
168
170
170
170
174
174
174
176
176
1V
1V
178
178
178
181
181
181
RS
RS
RSl
RSl
RSl
RSl
188
188
188
IR=]1
ISk
ISk
ISk
ISk
RS LS
RS LS
RS 1S
196
196
196
IS4
IS4
IRS]S]
IRS]S]
IRS]S]
IRS]S]
IRS]S]
p40]e
200
p40]e
200
202
202
202
203
204
204
204
204
207
208
208
209
209
p48)=]
212
212
212
212
214
215
215
215
215
4
217
4
219
219
219
221
221
221
221
P
P
P
225
225
226
228
228
228
228
229
230
230
2351
231
231
231
231
P
P
P
234
234
234
234
Pt
235
235
235
235
236
S
S
S
S
238
1S
1S
240
240
241
241
A vz
242
242
244
246
246
pLANS
246
246
248
248
248
248
PLARS)
249
249
pL4RS
249
250
250
250
251
251
251
251
=Y
A=K
A=K
A=K
255
255
255
=
256
256
256
257
257
257
257
257
257
257
258
258
258
259
259
259
pd=is
261
262
262
262
263
263
263
263
264
264
264
264
264
265
265
265
265
265
265
266
266
266
266
266
266
267
267
267
267
267
267
267
267
268
268
268
269
269
269
269
269
269
269
269
270
270
270
270
270
270
270
270
270
270
270
270
271
271
271
Al
271
271
Al
271
271
271
271
271
269
266
266
266
266
261
261
259
259
259
254
251
251
251
251
pLAN S
pLAN S
pLAN S
240
240
pat=;
235
235
235
235
229
226
226
226
226
219
219
216
213
213
213
210
210
208
208
208
208
208
205
205
204
204
204
202
202
p40]e
200
200
197
197
196
196
==
1S
==
RS
RS
RS
191
191
190
190
190
188
188
188
RSt
188
188
RSt
188
188
RS1S)
188
188
188
188
188
188
188
188
=il
AR a N
192
RS P
192
194
194
RS LS
RS LS
RS LS
IS4
IS4
IS4
IS4
IRS]S]
IRS]S]
IRS]S]
kSIS
kSIS
IRSIS)
IRSIS)
201
203
203
203
207
207
207
207
pale)
212
212
212
212
214
214
214
215
215
215
216
216
4
217
217
217
218
218
218
220
221
221
221
221
P
P
s
224
224
224
226
226
i
4
P
paa=)
229
231
231
232
P V4
232
234
234
234
235
235
235
235
P S}
V4
V4
237
V4
238
=
=)
i
=)
241
242
AV
A
A
LA
A
A
AL
AL
AL
247
LAYy
247
247
PLARS)
249
pL4RS
pL4RS
pL4RS
250
250
250
P
252
252
A=
A=
254
254
)
)
)
257
257
257
258
258
258
258
=i
=i
259
260
260
260
261
261
261
261
261
261
261
261
261
261
261
261
261
261
262
262
262
263
263
263
263
263
263
263
263
261
261
261
261
261
256
256
pd=al
254
254
254
249
245
245
245
s
=
=
=
Pyt
230
230
4
4
4
221
221
218
218
215
215
215
209
209
209
209
206
206
206
203
201
201
201
201



196
196
195
RS
195
RSk
RSk
193
193
193
191
191
190
190
190

188
188
RSV
RSV
187
RSV
186
186
186
186
186
186
186
186
186
186
186
186
186
186
186
189
189
189
191
191
RSk
194
194
194
194
196
196
196
196
196
197
197
197
197
197
IS4
IS4
IS4
p40]e)
200
200
p40]e)
202
204
204
205
205
205
207
207
207
208
208
209
209
209
210
210
210
210
212
212
212
215
215
215
215
Al
217
217
220
220
220
il
il
221
P
P
224
224
224
e
e
225
e
4
4
4
229
229
229
229
230
230
230
232
P
P
P
P
235
235
235
S
(S
S
1S
pats)
pats)
pats)
pats)
240
240
240
240
240
240
242
243
243
243
244
244
245
245
245
pLAN S
pLAN S
246
pLAN S
247
P4y
P4y
PLARS)
PLARS)
PLARS)
PLARS)
248
249
249
pL4RS
249
250
250
250
251
251
251
251
251
Pt
Pt
Pt
P it
Pt
255
255
255
256
256
257
257
257
257
257
257
257
257
257
257
257
257
257
258
258
258
260
260
261
261
261
264
264
265
265
265
265
265
265
265
266
266
266
267
267
267
267
267
268
268
268
268
268
268
268
268
268
268
269
269
269
269
269
269
269
269
269
269
269
269
268
268
268
264
264
264
260
260
258
258
258
252
P
252
P
236
236
236
P
P
P
P
208
201
201
201
SIS
199
IRS]S]
198
IS4
196
196
196
196
RS 1S
195
195
189
189
189
184
184
181
181
181
181
IV,
176
176
176
i
s
171
171
171
168
168
167
167
167
165
165
164
164
164
163
NSk
NSk
NSk
161
161
161
160
160
IlS]e)
=y
=y
158
158
158
158
158
158
158
158
158
158
158
158
158
158
158
158
158
159
159
159
161
161
161
163
163
164
164
164
165
165
166
166
166
166
166
1=y
167
lSys]
168
168
i/
i/
170
170
S
175
175
175
179
179
179
179
182
RS
RS
RS
RS
184
RSl
RSl
186
186
186
188
188
188
188
IR=]1
I=]1
IR=]1
195
RS LS
196
196
196
200
p40]e
201
201
201
205
205
205
207
207
207
207
208
209
209
209
209
211
211
212
212
212
213
213
213
213
213
214
215
215
215
215
215
217
217
219
219
219
P
P
P
225
225
225
229
231
231
231
P
Pt
Pt
P
S
P S
S
i)
i)
i)
241
241
243
243
243
245
245
pLAN S
pLAN S
pLAN S
pLAN S
249
249
249
249
250
250
251
251
251
251
251
253
253
253
253
253
253
253
254
Pt
Pt
Pt
Pt
Pt
Pt
Pt
257
257
257
g
P
260
260
260
262
262
262
262
P =74
264
264
266
266
266
268
268
268
268
270
270
270
270
270
270
270
270
270
270
270
271
271
271
271
273
274
274
274
274
276
278
278
279
279
279
279
280
280
280
280
281
281
282
282
282
A=k
e =k
4=k
4=k
A=k
284
284
284
284
284
284
284
284
284
285
285
285
287
287
287
288
288
288
288
288
289
289
290
290
290
290
290
290
290
291
291
291
292
292
292
292
293
294
294
294
294
294
296
296
296
296
296
296
296
297
297
297
298
298
298
299
299
299
299
299
299
300
300
300
300
300
300
301
301
301
302
302
302
302
302
302
302
303
303
303
304
304
304
304
304
304
305
305
305
306
306
306
ey
oy
ey
ey
ey
308
308
308
{0l
309
309
309
309
310
=K
310
310
310
310
310
=K
=K
Eahl
cahl
cahl
£ P
£ P
£ P
£ P
£ P
312
£ P
£ P
£ P
£ P
£ P
312
£ P
£ P
£ P
£ P
£ P
£ P
£ P
£ P
312
312
312
= S
313
313
313
313
314
314
314
314
315
315
315
=AW,
=AW,
=AW,
=AW,
317
=W
=AW
=AW
317
317
317
=1V,
317
318
318
318
318
318
318
318
318
318
318
318
318
319
319
319
319
319
319
319
Y48
Y48
Y40
Y40
320
-zl
-yl
321
=yl
321
=yl
Y
Y
Y
Y
Y
)
)
Ry
)
)
)
Y
)
Y
)
)
)
)
)
)
)
)
)
)
Y
Y
)
LY
)
LY
324
324
324
324
324
324
324
325
325
Ly
L=
325
326
326
326
326
326
326
326
326
326
326
326
326
327
327
327
327
327
327
327
327
327
327
327
327
327
327
327
327
327
327
327
327
Y4 S
S
Y4 S
Y S
S
Y4 S
Y4 S
Y4 S
329
4=
Ya=)
4=
Ya=)
329
4=
Y4
Y4
Y4
329
329
4=
Ya=)
329
329
329
329
329
329
329
329
329
4=
329
4=
329
329
329
329
329
329
Ya=)
Y=
329
329
329
Ya=)
4=
4=
Ya=)
Ya=)
329
329
329
Y4
4=
4=
4=
Y=
Y4
329
Y=
329
Y=
4=
329
Y4
4=
Y4 S
328
328
328
328
328
328
Y4 S
Y4 S
328
328
Y
Y
Y
Y
Y
Y
Y
Y
Y
Y
Y
Y

Y S
Y S






326
326
Y
Y
Y
Y
324
324

Y
Y
Y
vl
321
vzl
vzl
320
320
Y4
Y4 e
320
319
319
319
318
318
318
318
218
CERS
Eaka!
318
RS
ks
RS

318
318
318
314
314
314
314
311
309
309
{01


306
306
293
284
284
pgatA
284
269
269
269
254
254
254
P4 V4]



236
236
(S
P
P
4
219
219
219
219
212
209
209
209


201
201
194
194

187

187
IRSY,



i
172
i
1N=]=)
166
166
166

156
156
156
156
150
147

147

142
142
142
138
138
138
138
S
sl
sl

129

126
126
126

124

124
121

120

120






115

S
i S
i S
112
112
P
112


111








1oy,
ey,
ey,




106
106
106
106
106
106
106
106
106
106
106
106
106
106
106
106
106
ey,
ey,
ey,




110
110
IREe
P
S
S
114

NS
IRKS)
IRKS)
i
IR
IR

ARRS)
118
118

120
120
122
122
122
122
P
P
123
124
124
124
125
i P4
125
125
125
128
128
P43
S
S
i
i
i
141
141
4 S
143
143
143
145
145
145
146
146
146
146
146
147
147
147
147
147
RN
RNy
146
145
145
145
4
143
i K4 7
4
142
142
141
141
141
140



139
139
138

138

137
1Y)
137
136
136
136
135
R

135

i
134
134
134
134
134


i tal
134
134



134
134
134
134
134
134
134
134
i
i
i
i
i


137
137
















145
145
145
145










154
156
156
156
158
158
158
158
160



ISy



166
166
167
ilSYs]
ilSYs]
168
168



174
174
174






kS]]

185
186
186
187
187
187




IR
RSk




195









201
201
201



207
207
207
207
210
211
211
211
211
213
214
214
215
215
215
215
215
217
217
217
217
219
219
219
221
222
g
g
o
224
225
e
P
P
4
228
228
228
228
@
=@
230
231
231
231
231
PV
P
P
P
pT4
P YA
P YA
pTA
P4
P
P
P
P
PV
231
231
=@
@
=@




P4 ®
220
220
214
214
214
207
4oy,
4oy,
4oy,








176
176
176
169
169
166
166
166
166
160
160
160
154
154
154


147
145
145
145
145



i
i
134
134
134
%4
%
%4
%
sl
sl

129
129
129







124
124
124

|
122
120
120
120
120


116
115
115
115
S
S
S
S
112
112
112
110
110
iRKe)
iRKe)
110


108
108
108
i{0}S]
108
108
i{0}S]
108
108
i{0}S]
108
i{ey,
ey,
ey,
ey,
ey,

106
106
106
106
106
106
106
106


ey,





110
iRKe


111






113
114
114
114
IR
IR
118
120
120
120
120
123
P
125
125
125
P4 S
130
130








1Y)
1357



139
139





142
142
141





jSs
jSs
jSs
jSs
138
138
138
138
138
138
138
138
138
138
138
138
138
138
138
138
138
138
138
138
138
138
138
139
jSS
jSs
jSS
139

140
iR4N 1
141
iR4N 1
142




142
1472
1472
142
1472
1472
4 2
1472
R4 2
1472


145
145
145
147
147
147
147
147

149
149
149
149
150
150

150
150
1R=10)
1R=18)
1yl
1=yl
1yl
154
154
=)
=)=
RS
158
158
158
IS
ISy
IS
ISy
164
164
164
168
168
168
171
171
s
Iy
I
175
175
175
175
V)
177
177
179
179
179
RSP
RSP
182
RSP
RS
RSl
RSl
188
188
188
191
IR=]1
IR=]1
IRS]1
194
RS
RS
196
196
196








202
205
205




210
210
212
212

213
P IS
215
215
216
216
216
217
217
219
219
219
220
220
221
221
il
P
P
223
A}
224
225
225
226
228


229
229
231



P
P74
234
234
234
235
235
S
S
S
V4
V4
2357
239
239



242
24.z2
243
243
243
245
245
245
245
245
247
247
247
247


248
249
250
250
251
251
251
252
252
252
252
252
253
253
253
253
255
255

256
Pdm] =)
256
256




259
259
259
259
pd=10)
260
260
261
261
261
261
261
262
Pd = Y
262
263
263
263
263
264

265

265
266
266
266
266
266
266
266
pd =] =)
pd =] =)
266
pd =] =)




262
258



253


246
246






216
216
S

205
205
205


200
196
196
196
196
191
RS

187
187

182
182
182
182
iv4s
176
176
176
176
172
172
172
169
169
167
167
167













156
156
156
156
=)=
=)=
=)=
154


154
154
154
154
1=yl
1=y
151


146
145
145
145
145
143
143
143
143
143
143
143
143




143
143
143


144
146
146
146
147
147
147
147
148
148
148
150
150
Iyl
1yl
Iyl
152
152
oS
ok
IS
154
154
156
156
156
IR=YS)
iR=YS)
159
159
159
162
162
Sy
166
166
166
166
170
170
170
175
175
175
1WA
179
181
181
181
181
184
186
186
186


192
192
192
192
192

194

196
196

IS4

196
196
196
196
193
193
193



186
186
183
183
183
IV,
177
IV,
V)
171
171
171
165
165
165
160
160
=)=
RS}
RS
159
=)
ISk
i
o
149
149
147
147
145
145
145
141
141
141
157
157
i
i
i
i
i
S
R
132
132
%4
e
e
e
129
129
129
129
129
128
128
128
128
128
128
128
127
|
127
126
126
126
126
126
126
P4
P4
125
124
izl
124
P
Pz
P
122
122
122
122
121
121
121
121
121
121

121

121

121
121
121
121
121
122
122
i
i
123
123
123
123
123
124
124
124
i pZg4l
124
126
126
126

128
129


sl
sl
sl
133
133
134
134
134
i
i

136
1357
Y4
Y4
139
139

1472
1472
143
143
143
143
145
147
147

iRy



=)=
160
160
160

165
165
165
168
168
169
169
169
|y
|y
|y
|y

174
174

